1 0 0 5 .01 .01
1.01 0 0 4.94557 .01 .01
1.02 0 0 4.89226 .01 .01
1.03 0 0 4.84004 .01 .01
1.04 0 0 4.78887 .01 .01
1.05 0 0 4.73873 .01 .01
1.06 0 0 4.68958 .01 .01
1.07 0 0 4.64139 .01 .01
1.08 0 0 4.59414 .01 .01
1.09 0 0 4.54779 .01 .01
1.1 0 0 4.50234 .01 .01
1.11 0 0 4.45774 .01 .01
1.12 0 0 4.41398 .01 .01
1.13 0 0 4.37103 .01 .01
1.14 0 0 4.32887 .01 .01
1.15 0 0 4.28748 .01 .01
1.16 0 0 4.24684 .01 .01
1.17 0 0 4.20693 .01 .01
1.18 0 0 4.16773 .01 .01
1.19 0 0 4.12922 .01 .01
1.2 0 0 4.09139 .01 .01
1.21 0 0 4.05421 .01 .01
1.22 0 0 4.01767 .01 .01
1.23 0 0 3.98175 .01 .01
1.24 0 0 3.94645 .01 .01
1.25 0 0 3.91173 .01 .01
1.26 0 0 3.87759 .01 .01
1.27 0 0 3.84402 .01 .01
1.28 0 0 3.811 .01 .01
1.29 0 0 3.77852 .01 .01
1.3 0 0 3.74656 .01 .01
1.31 0 0 3.71511 .01 .01
1.32 0 0 3.68416 .01 .01
1.33 0 0 3.6537 .01 .01
1.34 0 0 3.62372 .01 .01
1.35 0 0 3.59421 .01 .01
1.36 0 0 3.56515 .01 .01
1.37 0 0 3.53653 .01 .01
1.38 0 0 3.50835 .01 .01
1.39 0 0 3.4806 .01 .01
1.4 0 0 3.45326 .01 .01
1.41 0 0 3.42633 .01 .01
1.42 0 0 3.3998 .01 .01
1.43 0 0 3.37365 .01 .01
1.44 0 0 3.34789 .01 .01
1.45 0 0 3.3225 .01 .01
1.46 0 0 3.29748 .01 .01
1.47 0 0 3.27281 .01 .01
1.48 0 0 3.24849 .01 .01
1.49 0 0 3.22452 .01 .01
1.5 0 0 3.20088 .01 .01
1.51 0 0 3.17757 .01 .01
1.52 0 0 3.15458 .01 .01
1.53 0 0 3.13191 .01 .01
1.54 0 0 3.10955 .01 .01
1.55 0 0 3.08749 .01 .01
1.56 0 0 3.06572 .01 .01
1.57 0 0 3.04425 .01 .01
1.58 0 0 3.02306 .01 .01
1.59 0 0 3.00216 .01 .01
1.6 0 0 2.98152 .01 .01
1.61 0 0 2.96116 .01 .01
1.62 0 0 2.94106 .01 .01
1.63 0 0 2.92122 .01 .01
1.64 0 0 2.90163 .01 .01
1.65 0 0 2.88229 .01 .01
1.66 0 0 2.8632 .01 .01
1.67 0 0 2.84434 .01 .01
1.68 0 0 2.82572 .01 .01
1.69 0 0 2.80734 .01 .01
1.7 0 0 2.78918 .01 .01
1.71 0 0 2.77124 .01 .01
1.72 0 0 2.75352 .01 .01
1.73 0 0 2.73602 .01 .01
1.74 0 0 2.71873 .01 .01
1.75 0 0 2.70164 .01 .01
1.76 0 0 2.68476 .01 .01
1.77 0 0 2.66808 .01 .01
1.78 0 0 2.6516 .01 .01
1.79 0 0 2.63531 .01 .01
1.8 0 0 2.61921 .01 .01
1.81 0 0 2.6033 .01 .01
1.82 0 0 2.58757 .01 .01
1.83 0 0 2.57202 .01 .01
1.84 0 0 2.55664 .01 .01
1.85 0 0 2.54145 .01 .01
1.86 0 0 2.52642 .01 .01
1.87 0 0 2.51156 .01 .01
1.88 0 0 2.49687 .01 .01
1.89 0 0 2.48234 .01 .01
1.9 0 0 2.46798 .01 .01
1.91 0 0 2.45377 .01 .01
1.92 0 0 2.43971 .01 .01
1.93 0 0 2.42581 .01 .01
1.94 0 0 2.41206 .01 .01
1.95 0 0 2.39846 .01 .01
1.96 0 0 2.385 .01 .01
1.97 0 0 2.37169 .01 .01
1.98 0 0 2.35851 .01 .01
1.99 0 0 2.34548 .01 .01
2 0 0 2.33258 .01 .01
2.01 0 0 2.31982 .01 .01
2.02 0 0 2.30719 .01 .01
2.03 0 0 2.29469 .01 .01
2.04 0 0 2.28232 .01 .01
2.05 0 0 2.27008 .01 .01
2.06 0 0 2.25796 .01 .01
2.07 0 0 2.24596 .01 .01
2.08 0 0 2.23409 .01 .01
2.09 0 0 2.22233 .01 .01
2.1 0 0 2.21069 .01 .01
2.11 0 0 2.19917 .01 .01
2.12 0 0 2.18776 .01 .01
2.13 0 0 2.17647 .01 .01
2.14 0 0 2.16528 .01 .01
2.15 0 0 2.15421 .01 .01
2.16 0 0 2.14324 .01 .01
2.17 0 0 2.13238 .01 .01
2.18 0 0 2.12162 .01 .01
2.19 0 0 2.11097 .01 .01
2.2 0 0 2.10041 .01 .01
2.21 0 0 2.08996 .01 .01
2.22 0 0 2.07961 .01 .01
2.23 0 0 2.06935 .01 .01
2.24 0 0 2.05919 .01 .01
2.25 0 0 2.04913 .01 .01
2.26 0 0 2.03916 .01 .01
2.27 0 0 2.02928 .01 .01
2.28 0 0 2.01949 .01 .01
2.29 0 0 2.00979 .01 .01
2.3 0 0 2.00018 .01 .01
2.31 0 0 1.99066 .01 .01
2.32 0 0 1.98122 .01 .01
2.33 0 0 1.97187 .01 .01
2.34 0 0 1.9626 .01 .01
2.35 0 0 1.95342 .01 .01
2.36 0 0 1.94432 .01 .01
2.37 0 0 1.93529 .01 .01
2.38 0 0 1.92635 .01 .01
2.39 0 0 1.91749 .01 .01
2.4 0 0 1.9087 .01 .01
2.41 0 0 1.89999 .01 .01
2.42 0 0 1.89136 .01 .01
2.43 0 0 1.8828 .01 .01
2.44 0 0 1.87431 .01 .01
2.45 0 0 1.8659 .01 .01
2.46 0 0 1.85755 .01 .01
2.47 0 0 1.84928 .01 .01
2.48 0 0 1.84108 .01 .01
2.49 0 0 1.83295 .01 .01
2.5 0 0 1.82489 .01 .01
2.51 0 0 1.81689 .01 .01
2.52 0 0 1.80896 .01 .01
2.53 0 0 1.8011 .01 .01
2.54 0 0 1.7933 .01 .01
2.55 0 0 1.78557 .01 .01
2.56 0 0 1.77789 .01 .01
2.57 0 0 1.77029 .01 .01
2.58 0 0 1.76274 .01 .01
2.59 0 0 1.75526 .01 .01
2.6 0 0 1.74783 .01 .01
2.61 0 0 1.74047 .01 .01
2.62 0 0 1.73316 .01 .01
2.63 0 0 1.72591 .01 .01
2.64 0 0 1.71872 .01 .01
2.65 0 0 1.71159 .01 .01
2.66 0 0 1.70451 .01 .01
2.67 0 0 1.69749 .01 .01
2.68 0 0 1.69053 .01 .01
2.69 0 0 1.68361 .01 .01
2.7 0 0 1.67676 .01 .01
2.71 0 0 1.66995 .01 .01
2.72 0 0 1.6632 .01 .01
2.73 0 0 1.6565 .01 .01
2.74 0 0 1.64985 .01 .01
2.75 0 0 1.64325 .01 .01
2.76 0 0 1.6367 .01 .01
2.77 0 0 1.63021 .01 .01
2.78 0 0 1.62376 .01 .01
2.79 0 0 1.61736 .01 .01
2.8 0 0 1.611 .01 .01
2.81 0 0 1.6047 .01 .01
2.82 0 0 1.59844 .01 .01
2.83 0 0 1.59223 .01 .01
2.84 0 0 1.58606 .01 .01
2.85 0 0 1.57994 .01 .01
2.86 0 0 1.57386 .01 .01
2.87 0 0 1.56783 .01 .01
2.88 0 0 1.56185 .01 .01
2.89 0 0 1.5559 .01 .01
2.9 0 0 1.55 .01 .01
2.91 0 0 1.54414 .01 .01
2.92 0 0 1.53833 .01 .01
2.93 0 0 1.53255 .01 .01
2.94 0 0 1.52682 .01 .01
2.95 0 0 1.52113 .01 .01
2.96 0 0 1.51548 .01 .01
2.97 0 0 1.50986 .01 .01
2.98 0 0 1.50429 .01 .01
2.99 0 0 1.49876 .01 .01
3 0 0 1.49326 .01 .01
3.01 0 0 1.48781 .01 .01
3.02 0 0 1.48239 .01 .01
3.03 0 0 1.47701 .01 .01
3.04 0 0 1.47167 .01 .01
3.05 0 0 1.46636 .01 .01
3.06 0 0 1.46109 .01 .01
3.07 0 0 1.45585 .01 .01
3.08 0 0 1.45066 .01 .01
3.09 0 0 1.44549 .01 .01
3.1 0 0 1.44036 .01 .01
3.11 0 0 1.43527 .01 .01
3.12 0 0 1.43021 .01 .01
3.13 0 0 1.42518 .01 .01
3.14 0 0 1.42019 .01 .01
3.15 0 0 1.41523 .01 .01
3.16 0 0 1.41031 .01 .01
3.17 0 0 1.40542 .01 .01
3.18 0 0 1.40056 .01 .01
3.19 0 0 1.39573 .01 .01
3.2 0 0 1.39093 .01 .01
3.21 0 0 1.38616 .01 .01
3.22 0 0 1.38143 .01 .01
3.23 0 0 1.37673 .01 .01
3.24 0 0 1.37205 .01 .01
3.25 0 0 1.36741 .01 .01
3.26 0 0 1.3628 .01 .01
3.27 0 0 1.35821 .01 .01
3.28 0 0 1.35366 .01 .01
3.29 0 0 1.34913 .01 .01
3.3 0 0 1.34464 .01 .01
3.31 0 0 1.34017 .01 .01
3.32 0 0 1.33573 .01 .01
3.33 0 0 1.33132 .01 .01
3.34 0 0 1.32693 .01 .01
3.35 0 0 1.32258 .01 .01
3.36 0 0 1.31825 .01 .01
3.37 0 0 1.31394 .01 .01
3.38 0 0 1.30967 .01 .01
3.39 0 0 1.30542 .01 .01
3.4 0 0 1.3012 .01 .01
3.41 0 0 1.297 .01 .01
3.42 0 0 1.29283 .01 .01
3.43 0 0 1.28868 .01 .01
3.44 0 0 1.28456 .01 .01
3.45 0 0 1.28047 .01 .01
3.46 0 0 1.2764 .01 .01
3.47 0 0 1.27235 .01 .01
3.48 0 0 1.26833 .01 .01
3.49 0 0 1.26433 .01 .01
3.5 0 0 1.26036 .01 .01
3.51 0 0 1.25641 .01 .01
3.52 0 0 1.25249 .01 .01
3.53 0 0 1.24858 .01 .01
3.54 0 0 1.2447 .01 .01
3.55 0 0 1.24085 .01 .01
3.56 0 0 1.23702 .01 .01
3.57 0 0 1.2332 .01 .01
3.58 0 0 1.22942 .01 .01
3.59 0 0 1.22565 .01 .01
3.6 0 0 1.2219 .01 .01
3.61 0 0 1.21818 .01 .01
3.62 0 0 1.21448 .01 .01
3.63 0 0 1.2108 .01 .01
3.64 0 0 1.20714 .01 .01
3.65 0 0 1.2035 .01 .01
3.66 0 0 1.19989 .01 .01
3.67 0 0 1.19629 .01 .01
3.68 0 0 1.19272 .01 .01
3.69 0 0 1.18916 .01 .01
3.7 0 0 1.18563 .01 .01
3.71 0 0 1.18211 .01 .01
3.72 0 0 1.17862 .01 .01
3.73 0 0 1.17514 .01 .01
3.74 0 0 1.17169 .01 .01
3.75 0 0 1.16825 .01 .01
3.76 0 0 1.16483 .01 .01
3.77 0 0 1.16143 .01 .01
3.78 0 0 1.15805 .01 .01
3.79 0 0 1.15469 .01 .01
3.8 0 0 1.15135 .01 .01
3.81 0 0 1.14803 .01 .01
3.82 0 0 1.14472 .01 .01
3.83 0 0 1.14144 .01 .01
3.84 0 0 1.13817 .01 .01
3.85 0 0 1.13491 .01 .01
3.86 0 0 1.13168 .01 .01
3.87 0 0 1.12846 .01 .01
3.88 0 0 1.12527 .01 .01
3.89 0 0 1.12208 .01 .01
3.9 0 0 1.11892 .01 .01
3.91 0 0 1.11577 .01 .01
3.92 0 0 1.11264 .01 .01
3.93 0 0 1.10953 .01 .01
3.94 0 0 1.10643 .01 .01
3.95 0 0 1.10335 .01 .01
3.96 0 0 1.10029 .01 .01
3.97 0 0 1.09724 .01 .01
3.98 0 0 1.0942 .01 .01
3.99 0 0 1.09119 .01 .01
4 0 0 1.08819 .01 .01
4.01 0 0 1.0852 .01 .01
4.02 0 0 1.08223 .01 .01
4.03 0 0 1.07928 .01 .01
4.04 0 0 1.07634 .01 .01
4.05 0 0 1.07342 .01 .01
4.06 0 0 1.07051 .01 .01
4.07 0 0 1.06762 .01 .01
4.08 0 0 1.06474 .01 .01
4.09 0 0 1.06188 .01 .01
4.1 0 0 1.05903 .01 .01
4.11 0 0 1.05619 .01 .01
4.12 0 0 1.05338 .01 .01
4.13 0 0 1.05057 .01 .01
4.14 0 0 1.04778 .01 .01
4.15 0 0 1.045 .01 .01
4.16 0 0 1.04224 .01 .01
4.17 0 0 1.03949 .01 .01
4.18 0 0 1.03675 .01 .01
4.19 0 0 1.03403 .01 .01
4.2 0 0 1.03133 .01 .01
4.21 0 0 1.02863 .01 .01
4.22 0 0 1.02595 .01 .01
4.23 0 0 1.02328 .01 .01
4.24 0 0 1.02063 .01 .01
4.25 0 0 1.01799 .01 .01
4.26 0 0 1.01536 .01 .01
4.27 0 0 1.01274 .01 .01
4.28 0 0 1.01014 .01 .01
4.29 0 0 1.00755 .01 .01
4.3 0 0 1.00497 .01 .01
4.31 0 0 1.00241 .01 .01
4.32 0 0 0.999857 .01 .01
4.33 0 0 0.997317 .01 .01
4.34 0 0 0.99479 .01 .01
4.35 0 0 0.992274 .01 .01
4.36 0 0 0.989771 .01 .01
4.37 0 0 0.98728 .01 .01
4.38 0 0 0.984801 .01 .01
4.39 0 0 0.982334 .01 .01
4.4 0 0 0.979878 .01 .01
4.41 0 0 0.977434 .01 .01
4.42 0 0 0.975002 .01 .01
4.43 0 0 0.972581 .01 .01
4.44 0 0 0.970172 .01 .01
4.45 0 0 0.967774 .01 .01
4.46 0 0 0.965387 .01 .01
4.47 0 0 0.963012 .01 .01
4.48 0 0 0.960648 .01 .01
4.49 0 0 0.958295 .01 .01
4.5 0 0 0.955952 .01 .01
4.51 0 0 0.953621 .01 .01
4.52 0 0 0.951301 .01 .01
4.53 0 0 0.948991 .01 .01
4.54 0 0 0.946692 .01 .01
4.55 0 0 0.944403 .01 .01
4.56 0 0 0.942125 .01 .01
4.57 0 0 0.939858 .01 .01
4.58 0 0 0.937601 .01 .01
4.59 0 0 0.935354 .01 .01
4.6 0 0 0.933118 .01 .01
4.61 0 0 0.930891 .01 .01
4.62 0 0 0.928675 .01 .01
4.63 0 0 0.926469 .01 .01
4.64 0 0 0.924273 .01 .01
4.65 0 0 0.922087 .01 .01
4.66 0 0 0.91991 .01 .01
4.67 0 0 0.917744 .01 .01
4.68 0 0 0.915587 .01 .01
4.69 0 0 0.91344 .01 .01
4.7 0 0 0.911302 .01 .01
4.71 0 0 0.909174 .01 .01
4.72 0 0 0.907055 .01 .01
4.73 0 0 0.904946 .01 .01
4.74 0 0 0.902846 .01 .01
4.75 0 0 0.900756 .01 .01
4.76 0 0 0.898674 .01 .01
4.77 0 0 0.896602 .01 .01
4.78 0 0 0.894539 .01 .01
4.79 0 0 0.892485 .01 .01
4.8 0 0 0.89044 .01 .01
4.81 0 0 0.888404 .01 .01
4.82 0 0 0.886377 .01 .01
4.83 0 0 0.884358 .01 .01
4.84 0 0 0.882348 .01 .01
4.85 0 0 0.880347 .01 .01
4.86 0 0 0.878355 .01 .01
4.87 0 0 0.876371 .01 .01
4.88 0 0 0.874396 .01 .01
4.89 0 0 0.872429 .01 .01
4.9 0 0 0.870471 .01 .01
4.91 0 0 0.868521 .01 .01
4.92 0 0 0.866579 .01 .01
4.93 0 0 0.864646 .01 .01
4.94 0 0 0.862721 .01 .01
4.95 0 0 0.860804 .01 .01
4.96 0 0 0.858895 .01 .01
4.97 0 0 0.856994 .01 .01
4.98 0 0 0.855102 .01 .01
4.99 0 0 0.853217 .01 .01
5 0 0 0.85134 .01 .01
5.01 0 0 0.849471 .01 .01
5.02 0 0 0.84761 .01 .01
5.03 0 0 0.845756 .01 .01
5.04 0 0 0.843911 .01 .01
5.05 0 0 0.842073 .01 .01
5.06 0 0 0.840242 .01 .01
5.07 0 0 0.838419 .01 .01
5.08 0 0 0.836604 .01 .01
5.09 0 0 0.834796 .01 .01
5.1 0 0 0.832996 .01 .01
5.11 0 0 0.831203 .01 .01
5.12 0 0 0.829417 .01 .01
5.13 0 0 0.827639 .01 .01
5.14 0 0 0.825868 .01 .01
5.15 0 0 0.824104 .01 .01
5.16 0 0 0.822347 .01 .01
5.17 0 0 0.820598 .01 .01
5.18 0 0 0.818855 .01 .01
5.19 0 0 0.81712 .01 .01
5.2 0 0 0.815392 .01 .01
5.21 0 0 0.81367 .01 .01
5.22 0 0 0.811956 .01 .01
5.23 0 0 0.810248 .01 .01
5.24 0 0 0.808548 .01 .01
5.25 0 0 0.806854 .01 .01
5.26 0 0 0.805166 .01 .01
5.27 0 0 0.803486 .01 .01
5.28 0 0 0.801812 .01 .01
5.29 0 0 0.800145 .01 .01
5.3 0 0 0.798485 .01 .01
5.31 0 0 0.796831 .01 .01
5.32 0 0 0.795183 .01 .01
5.33 0 0 0.793542 .01 .01
5.34 0 0 0.791908 .01 .01
5.35 0 0 0.79028 .01 .01
5.36 0 0 0.788658 .01 .01
5.37 0 0 0.787043 .01 .01
5.38 0 0 0.785434 .01 .01
5.39 0 0 0.783831 .01 .01
5.4 0 0 0.782234 .01 .01
5.41 0 0 0.780644 .01 .01
5.42 0 0 0.77906 .01 .01
5.43 0 0 0.777482 .01 .01
5.44 0 0 0.77591 .01 .01
5.45 0 0 0.774344 .01 .01
5.46 0 0 0.772784 .01 .01
5.47 0 0 0.77123 .01 .01
5.48 0 0 0.769682 .01 .01
5.49 0 0 0.76814 .01 .01
5.5 0 0 0.766604 .01 .01
5.51 0 0 0.765074 .01 .01
5.52 0 0 0.763549 .01 .01
5.53 0 0 0.762031 .01 .01
5.54 0 0 0.760518 .01 .01
5.55 0 0 0.75901 .01 .01
5.56 0 0 0.757509 .01 .01
5.57 0 0 0.756013 .01 .01
5.58 0 0 0.754523 .01 .01
5.59 0 0 0.753038 .01 .01
5.6 0 0 0.751559 .01 .01
5.61 0 0 0.750086 .01 .01
5.62 0 0 0.748618 .01 .01
5.63 0 0 0.747155 .01 .01
5.64 0 0 0.745698 .01 .01
5.65 0 0 0.744246 .01 .01
5.66 0 0 0.7428 .01 .01
5.67 0 0 0.741359 .01 .01
5.68 0 0 0.739924 .01 .01
5.69 0 0 0.738493 .01 .01
5.7 0 0 0.737068 .01 .01
5.71 0 0 0.735648 .01 .01
5.72 0 0 0.734234 .01 .01
5.73 0 0 0.732824 .01 .01
5.74 0 0 0.73142 .01 .01
5.75 0 0 0.730021 .01 .01
5.76 0 0 0.728627 .01 .01
5.77 0 0 0.727238 .01 .01
5.78 0 0 0.725854 .01 .01
5.79 0 0 0.724475 .01 .01
5.8 0 0 0.723101 .01 .01
5.81 0 0 0.721732 .01 .01
5.82 0 0 0.720369 .01 .01
5.83 0 0 0.719009 .01 .01
5.84 0 0 0.717655 .01 .01
5.85 0 0 0.716306 .01 .01
5.86 0 0 0.714961 .01 .01
5.87 0 0 0.713622 .01 .01
5.88 0 0 0.712287 .01 .01
5.89 0 0 0.710957 .01 .01
5.9 0 0 0.709631 .01 .01
5.91 0 0 0.708311 .01 .01
5.92 0 0 0.706995 .01 .01
5.93 0 0 0.705683 .01 .01
5.94 0 0 0.704377 .01 .01
5.95 0 0 0.703074 .01 .01
5.96 0 0 0.701777 .01 .01
5.97 0 0 0.700484 .01 .01
5.98 0 0 0.699196 .01 .01
5.99 0 0 0.697912 .01 .01
6 0 0 0.696632 .01 .01
6.01 0 0 0.695357 .01 .01
6.02 0 0 0.694087 .01 .01
6.03 0 0 0.692821 .01 .01
6.04 0 0 0.691559 .01 .01
6.05 0 0 0.690302 .01 .01
6.06 0 0 0.689049 .01 .01
6.07 0 0 0.6878 .01 .01
6.08 0 0 0.686556 .01 .01
6.09 0 0 0.685316 .01 .01
6.1 0 0 0.68408 .01 .01
6.11 0 0 0.682849 .01 .01
6.12 0 0 0.681622 .01 .01
6.13 0 0 0.680399 .01 .01
6.14 0 0 0.67918 .01 .01
6.15 0 0 0.677965 .01 .01
6.16 0 0 0.676755 .01 .01
6.17 0 0 0.675548 .01 .01
6.18 0 0 0.674346 .01 .01
6.19 0 0 0.673148 .01 .01
6.2 0 0 0.671953 .01 .01
6.21 0 0 0.670763 .01 .01
6.22 0 0 0.669577 .01 .01
6.23 0 0 0.668395 .01 .01
6.24 0 0 0.667217 .01 .01
6.25 0 0 0.666043 .01 .01
6.26 0 0 0.664872 .01 .01
6.27 0 0 0.663706 .01 .01
6.28 0 0 0.662543 .01 .01
6.29 0 0 0.661385 .01 .01
6.3 0 0 0.66023 .01 .01
6.31 0 0 0.659079 .01 .01
6.32 0 0 0.657932 .01 .01
6.33 0 0 0.656789 .01 .01
6.34 0 0 0.65565 .01 .01
6.35 0 0 0.654514 .01 .01
6.36 0 0 0.653382 .01 .01
6.37 0 0 0.652254 .01 .01
6.38 0 0 0.651129 .01 .01
6.39 0 0 0.650009 .01 .01
6.4 0 0 0.648891 .01 .01
6.41 0 0 0.647778 .01 .01
6.42 0 0 0.646668 .01 .01
6.43 0 0 0.645562 .01 .01
6.44 0 0 0.644459 .01 .01
6.45 0 0 0.64336 .01 .01
6.46 0 0 0.642265 .01 .01
6.47 0 0 0.641173 .01 .01
6.48 0 0 0.640085 .01 .01
6.49 0 0 0.639 .01 .01
6.5 0 0 0.637919 .01 .01
6.51 0 0 0.636841 .01 .01
6.52 0 0 0.635767 .01 .01
6.53 0 0 0.634696 .01 .01
6.54 0 0 0.633628 .01 .01
6.55 0 0 0.632564 .01 .01
6.56 0 0 0.631504 .01 .01
6.57 0 0 0.630446 .01 .01
6.58 0 0 0.629392 .01 .01
6.59 0 0 0.628342 .01 .01
6.6 0 0 0.627295 .01 .01
6.61 0 0 0.626251 .01 .01
6.62 0 0 0.62521 .01 .01
6.63 0 0 0.624173 .01 .01
6.64 0 0 0.623139 .01 .01
6.65 0 0 0.622109 .01 .01
6.66 0 0 0.621081 .01 .01
6.67 0 0 0.620057 .01 .01
6.68 0 0 0.619036 .01 .01
6.69 0 0 0.618018 .01 .01
6.7 0 0 0.617004 .01 .01
6.71 0 0 0.615992 .01 .01
6.72 0 0 0.614984 .01 .01
6.73 0 0 0.613979 .01 .01
6.74 0 0 0.612977 .01 .01
6.75 0 0 0.611978 .01 .01
6.76 0 0 0.610982 .01 .01
6.77 0 0 0.60999 .01 .01
6.78 0 0 0.609 .01 .01
6.79 0 0 0.608014 .01 .01
6.8 0 0 0.60703 .01 .01
6.81 0 0 0.60605 .01 .01
6.82 0 0 0.605072 .01 .01
6.83 0 0 0.604098 .01 .01
6.84 0 0 0.603126 .01 .01
6.85 0 0 0.602158 .01 .01
6.86 0 0 0.601192 .01 .01
6.87 0 0 0.60023 .01 .01
6.88 0 0 0.59927 .01 .01
6.89 0 0 0.598314 .01 .01
6.9 0 0 0.59736 .01 .01
6.91 0 0 0.596409 .01 .01
6.92 0 0 0.595461 .01 .01
6.93 0 0 0.594516 .01 .01
6.94 0 0 0.593574 .01 .01
6.95 0 0 0.592634 .01 .01
6.96 0 0 0.591698 .01 .01
6.97 0 0 0.590764 .01 .01
6.98 0 0 0.589833 .01 .01
6.99 0 0 0.588905 .01 .01
7 0 0 0.587979 .01 .01
7.01 0 0 0.587057 .01 .01
7.02 0 0 0.586137 .01 .01
7.03 0 0 0.58522 .01 .01
7.04 0 0 0.584306 .01 .01
7.05 0 0 0.583394 .01 .01
7.06 0 0 0.582485 .01 .01
7.07 0 0 0.581579 .01 .01
7.08 0 0 0.580675 .01 .01
7.09 0 0 0.579775 .01 .01
7.1 0 0 0.578876 .01 .01
7.11 0 0 0.577981 .01 .01
7.12 0 0 0.577088 .01 .01
7.13 0 0 0.576198 .01 .01
7.14 0 0 0.57531 .01 .01
7.15 0 0 0.574425 .01 .01
7.16 0 0 0.573543 .01 .01
7.17 0 0 0.572663 .01 .01
7.18 0 0 0.571785 .01 .01
7.19 0 0 0.570911 .01 .01
7.2 0 0 0.570039 .01 .01
7.21 0 0 0.569169 .01 .01
7.22 0 0 0.568302 .01 .01
7.23 0 0 0.567437 .01 .01
7.24 0 0 0.566575 .01 .01
7.25 0 0 0.565716 .01 .01
7.26 0 0 0.564859 .01 .01
7.27 0 0 0.564004 .01 .01
7.28 0 0 0.563152 .01 .01
7.29 0 0 0.562302 .01 .01
7.3 0 0 0.561455 .01 .01
7.31 0 0 0.56061 .01 .01
7.32 0 0 0.559768 .01 .01
7.33 0 0 0.558928 .01 .01
7.34 0 0 0.55809 .01 .01
7.35 0 0 0.557255 .01 .01
7.36 0 0 0.556422 .01 .01
7.37 0 0 0.555592 .01 .01
7.38 0 0 0.554764 .01 .01
7.39 0 0 0.553938 .01 .01
7.4 0 0 0.553115 .01 .01
7.41 0 0 0.552294 .01 .01
7.42 0 0 0.551475 .01 .01
7.43 0 0 0.550658 .01 .01
7.44 0 0 0.549844 .01 .01
7.45 0 0 0.549033 .01 .01
7.46 0 0 0.548223 .01 .01
7.47 0 0 0.547416 .01 .01
7.48 0 0 0.546611 .01 .01
7.49 0 0 0.545808 .01 .01
7.5 0 0 0.545008 .01 .01
7.51 0 0 0.544209 .01 .01
7.52 0 0 0.543413 .01 .01
7.53 0 0 0.54262 .01 .01
7.54 0 0 0.541828 .01 .01
7.55 0 0 0.541039 .01 .01
7.56 0 0 0.540252 .01 .01
7.57 0 0 0.539467 .01 .01
7.58 0 0 0.538684 .01 .01
7.59 0 0 0.537903 .01 .01
7.6 0 0 0.537125 .01 .01
7.61 0 0 0.536348 .01 .01
7.62 0 0 0.535574 .01 .01
7.63 0 0 0.534802 .01 .01
7.64 0 0 0.534032 .01 .01
7.65 0 0 0.533264 .01 .01
7.66 0 0 0.532498 .01 .01
7.67 0 0 0.531735 .01 .01
7.68 0 0 0.530973 .01 .01
7.69 0 0 0.530214 .01 .01
7.7 0 0 0.529456 .01 .01
7.71 0 0 0.528701 .01 .01
7.72 0 0 0.527948 .01 .01
7.73 0 0 0.527197 .01 .01
7.74 0 0 0.526447 .01 .01
7.75 0 0 0.5257 .01 .01
7.76 0 0 0.524955 .01 .01
7.77 0 0 0.524212 .01 .01
7.78 0 0 0.523471 .01 .01
7.79 0 0 0.522732 .01 .01
7.8 0 0 0.521995 .01 .01
7.81 0 0 0.521259 .01 .01
7.82 0 0 0.520526 .01 .01
7.83 0 0 0.519795 .01 .01
7.84 0 0 0.519066 .01 .01
7.85 0 0 0.518338 .01 .01
7.86 0 0 0.517613 .01 .01
7.87 0 0 0.51689 .01 .01
7.88 0 0 0.516168 .01 .01
7.89 0 0 0.515449 .01 .01
7.9 0 0 0.514731 .01 .01
7.91 0 0 0.514015 .01 .01
7.92 0 0 0.513301 .01 .01
7.93 0 0 0.512589 .01 .01
7.94 0 0 0.511879 .01 .01
7.95 0 0 0.511171 .01 .01
7.96 0 0 0.510465 .01 .01
7.97 0 0 0.50976 .01 .01
7.98 0 0 0.509057 .01 .01
7.99 0 0 0.508357 .01 .01
8 0 0 0.507658 .01 .01
8.01 0 0 0.506961 .01 .01
8.02 0 0 0.506265 .01 .01
8.03 0 0 0.505572 .01 .01
8.04 0 0 0.50488 .01 .01
8.05 0 0 0.50419 .01 .01
8.06 0 0 0.503502 .01 .01
8.07 0 0 0.502816 .01 .01
8.08 0 0 0.502132 .01 .01
8.09 0 0 0.501449 .01 .01
8.1 0 0 0.500768 .01 .01
8.11 0 0 0.500089 .01 .01
8.12 0 0 0.499411 .01 .01
8.13 0 0 0.498736 .01 .01
8.14 0 0 0.498062 .01 .01
8.15 0 0 0.49739 .01 .01
8.16 0 0 0.496719 .01 .01
8.17 0 0 0.49605 .01 .01
8.18 0 0 0.495383 .01 .01
8.19 0 0 0.494718 .01 .01
8.2 0 0 0.494054 .01 .01
8.21 0 0 0.493392 .01 .01
8.22 0 0 0.492732 .01 .01
8.23 0 0 0.492074 .01 .01
8.24 0 0 0.491417 .01 .01
8.25 0 0 0.490762 .01 .01
8.26 0 0 0.490108 .01 .01
8.27 0 0 0.489456 .01 .01
8.28 0 0 0.488806 .01 .01
8.29 0 0 0.488158 .01 .01
8.3 0 0 0.487511 .01 .01
8.31 0 0 0.486865 .01 .01
8.32 0 0 0.486222 .01 .01
8.33 0 0 0.48558 .01 .01
8.34 0 0 0.484939 .01 .01
8.35 0 0 0.4843 .01 .01
8.36 0 0 0.483663 .01 .01
8.37 0 0 0.483028 .01 .01
8.38 0 0 0.482394 .01 .01
8.39 0 0 0.481761 .01 .01
8.4 0 0 0.48113 .01 .01
8.41 0 0 0.480501 .01 .01
8.42 0 0 0.479873 .01 .01
8.43 0 0 0.479247 .01 .01
8.44 0 0 0.478623 .01 .01
8.45 0 0 0.478 .01 .01
8.46 0 0 0.477378 .01 .01
8.47 0 0 0.476758 .01 .01
8.48 0 0 0.47614 .01 .01
8.49 0 0 0.475523 .01 .01
8.5 0 0 0.474908 .01 .01
8.51 0 0 0.474294 .01 .01
8.52 0 0 0.473682 .01 .01
8.53 0 0 0.473071 .01 .01
8.54 0 0 0.472461 .01 .01
8.55 0 0 0.471854 .01 .01
8.56 0 0 0.471247 .01 .01
8.57 0 0 0.470642 .01 .01
8.58 0 0 0.470039 .01 .01
8.59 0 0 0.469437 .01 .01
8.6 0 0 0.468837 .01 .01
8.61 0 0 0.468238 .01 .01
8.62 0 0 0.46764 .01 .01
8.63 0 0 0.467044 .01 .01
8.64 0 0 0.46645 .01 .01
8.65 0 0 0.465857 .01 .01
8.66 0 0 0.465265 .01 .01
8.67 0 0 0.464675 .01 .01
8.68 0 0 0.464086 .01 .01
8.69 0 0 0.463498 .01 .01
8.7 0 0 0.462912 .01 .01
8.71 0 0 0.462328 .01 .01
8.72 0 0 0.461745 .01 .01
8.73 0 0 0.461163 .01 .01
8.74 0 0 0.460582 .01 .01
8.75 0 0 0.460004 .01 .01
8.76 0 0 0.459426 .01 .01
8.77 0 0 0.45885 .01 .01
8.78 0 0 0.458275 .01 .01
8.79 0 0 0.457701 .01 .01
8.8 0 0 0.457129 .01 .01
8.81 0 0 0.456559 .01 .01
8.82 0 0 0.455989 .01 .01
8.83 0 0 0.455421 .01 .01
8.84 0 0 0.454855 .01 .01
8.85 0 0 0.454289 .01 .01
8.86 0 0 0.453725 .01 .01
8.87 0 0 0.453163 .01 .01
8.88 0 0 0.452601 .01 .01
8.89 0 0 0.452041 .01 .01
8.9 0 0 0.451483 .01 .01
8.91 0 0 0.450925 .01 .01
8.92 0 0 0.450369 .01 .01
8.93 0 0 0.449814 .01 .01
8.94 0 0 0.449261 .01 .01
8.95 0 0 0.448709 .01 .01
8.96 0 0 0.448158 .01 .01
8.97 0 0 0.447608 .01 .01
8.98 0 0 0.44706 .01 .01
8.99 0 0 0.446513 .01 .01
9 0 0 0.445968 .01 .01
9.01 0 0 0.445423 .01 .01
9.02 0 0 0.44488 .01 .01
9.03 0 0 0.444338 .01 .01
9.04 0 0 0.443797 .01 .01
9.05 0 0 0.443258 .01 .01
9.06 0 0 0.44272 .01 .01
9.07 0 0 0.442183 .01 .01
9.08 0 0 0.441647 .01 .01
9.09 0 0 0.441113 .01 .01
9.1 0 0 0.44058 .01 .01
9.11 0 0 0.440048 .01 .01
9.12 0 0 0.439517 .01 .01
9.13 0 0 0.438987 .01 .01
9.14 0 0 0.438459 .01 .01
9.15 0 0 0.437932 .01 .01
9.16 0 0 0.437406 .01 .01
9.17 0 0 0.436882 .01 .01
9.18 0 0 0.436358 .01 .01
9.19 0 0 0.435836 .01 .01
9.2 0 0 0.435315 .01 .01
9.21 0 0 0.434795 .01 .01
9.22 0 0 0.434276 .01 .01
9.23 0 0 0.433759 .01 .01
9.24 0 0 0.433242 .01 .01
9.25 0 0 0.432727 .01 .01
9.26 0 0 0.432213 .01 .01
9.27 0 0 0.4317 .01 .01
9.28 0 0 0.431189 .01 .01
9.29 0 0 0.430678 .01 .01
9.3 0 0 0.430169 .01 .01
9.31 0 0 0.42966 .01 .01
9.32 0 0 0.429153 .01 .01
9.33 0 0 0.428647 .01 .01
9.34 0 0 0.428143 .01 .01
9.35 0 0 0.427639 .01 .01
9.36 0 0 0.427136 .01 .01
9.37 0 0 0.426635 .01 .01
9.38 0 0 0.426135 .01 .01
9.39 0 0 0.425636 .01 .01
9.4 0 0 0.425137 .01 .01
9.41 0 0 0.424641 .01 .01
9.42 0 0 0.424145 .01 .01
9.43 0 0 0.42365 .01 .01
9.44 0 0 0.423156 .01 .01
9.45 0 0 0.422664 .01 .01
9.46 0 0 0.422172 .01 .01
9.47 0 0 0.421682 .01 .01
9.48 0 0 0.421193 .01 .01
9.49 0 0 0.420705 .01 .01
9.5 0 0 0.420217 .01 .01
9.51 0 0 0.419731 .01 .01
9.52 0 0 0.419246 .01 .01
9.53 0 0 0.418763 .01 .01
9.54 0 0 0.41828 .01 .01
9.55 0 0 0.417798 .01 .01
9.56 0 0 0.417317 .01 .01
9.57 0 0 0.416838 .01 .01
9.58 0 0 0.416359 .01 .01
9.59 0 0 0.415881 .01 .01
9.6 0 0 0.415405 .01 .01
9.61 0 0 0.414929 .01 .01
9.62 0 0 0.414455 .01 .01
9.63 0 0 0.413982 .01 .01
9.64 0 0 0.413509 .01 .01
9.65 0 0 0.413038 .01 .01
9.66 0 0 0.412568 .01 .01
9.67 0 0 0.412098 .01 .01
9.68 0 0 0.41163 .01 .01
9.69 0 0 0.411163 .01 .01
9.7 0 0 0.410697 .01 .01
9.71 0 0 0.410231 .01 .01
9.72 0 0 0.409767 .01 .01
9.73 0 0 0.409304 .01 .01
9.74 0 0 0.408842 .01 .01
9.75 0 0 0.40838 .01 .01
9.76 0 0 0.40792 .01 .01
9.77 0 0 0.407461 .01 .01
9.78 0 0 0.407003 .01 .01
9.79 0 0 0.406545 .01 .01
9.8 0 0 0.406089 .01 .01
9.81 0 0 0.405634 .01 .01
9.82 0 0 0.405179 .01 .01
9.83 0 0 0.404726 .01 .01
9.84 0 0 0.404274 .01 .01
9.85 0 0 0.403822 .01 .01
9.86 0 0 0.403372 .01 .01
9.87 0 0 0.402922 .01 .01
9.88 0 0 0.402474 .01 .01
9.89 0 0 0.402026 .01 .01
9.9 0 0 0.401579 .01 .01
9.91 0 0 0.401134 .01 .01
9.92 0 0 0.400689 .01 .01
9.93 0 0 0.400245 .01 .01
9.94 0 0 0.399802 .01 .01
9.95 0 0 0.39936 .01 .01
9.96 0 0 0.398919 .01 .01
9.97 0 0 0.398479 .01 .01
9.98 0 0 0.39804 .01 .01
9.99 0 0 0.397601 .01 .01
10 0 0 0.397164 .01 .01
